"AnnualCrops","BuiltUp","ConsolidatedBarren","NaturalGrassland","NaturalWoodedLand","PermanentCrops","PlantedForest","Shrubs","UnconsolidatedBarren","Waterbodies","Wetlands","SiteID","MajorityClass1"
0.0124347177319075,1.81546878885849,72.5068390947526,0.111912459587167,0,0,0,23.92439691619,1.62894802287988,0,0,"s2lam001_230713","ConsolidatedBarren"
0.0373087924387514,0.0746175848775028,75.8985200845666,0.223852754632508,0,0.0124362641462505,0,20.8307424449695,2.92252207436886,0,0,"s2lam001_230725","ConsolidatedBarren"
0.049800796812749,0.709661354581673,67.7290836653386,0.921314741035857,0,0,0,30.0423306772908,0.398406374501992,0,0.149402390438247,"s2lam001_230802","ConsolidatedBarren"
0.0492428905576757,0.627846854610366,0.627846854610366,19.1185522590176,27.8714760556445,0.381632401821987,0.800196971562231,49.513726455743,0,0,1.00947925643235,"s2lam001_230809","Shrubs"
1.47991543340381,2.35045392364134,1.70376818803631,25.7555030468847,0,0.198980226340007,0,65.5515483148862,2.64892426315135,0,0.310906603656262,"s2lam001_230815","Shrubs"
0,0,17.3338275265629,1.69261181121819,0,0,0,80.9612058314801,0,0,0.0123548307388189,"s2lam001_231001","Shrubs"
0.0247985120892746,38.3632982021079,7.63794172349659,22.975821450713,0.260384376937384,0.942343459392436,0.037197768133912,22.5046497210167,2.34345939243645,0,4.91010539367638,"s2lam001_231013","BuiltUp"
1.38665346044323,14.6712888448681,0.50761421319797,25.306425653089,0.0495233378729726,0.495233378729726,0,36.3996533366349,20.7874210721803,0,0.396186702983781,"s2lam001_231025","Shrubs"
28.9447609611097,0,8.28585583353976,12.5959871191479,0.0619271736437949,0.012385434728759,0,50.0743126083726,0.024770869457518,0,0,"s2lam001_231107","Shrubs"
0.370416100753179,1.23472033584393,0,27.5589578960365,48.0306210643289,4.54377083590567,9.45795777256451,8.30966786022966,0.0864304235090752,0,0.407457710828497,"s2lam001_231117","NaturalWoodedLand"
11.7618409838062,8.45001826372824,7.82905150371362,17.3018385486424,0.182637282357239,0.243516376476318,0,48.1188359917204,0,0,6.11226104955558,"s2lam002_230807","Shrubs"
0,0.40720631786772,24.5064165844028,0.493583415597236,2.82576505429418,0,0.148075024679171,70.0271470878578,0,0,1.59180651530109,"s2lam002_231011","Shrubs"
0.061667488899852,0.91267883571781,16.3788850518007,0.826344351258017,32.3877651702023,0.863344844597928,7.38776517020227,36.7784903798717,0.283670448939319,0,4.11938825851011,"s2lam002_231103","Shrubs"
0,4.40778133464664,59.8621029303127,0.72642206353115,1.09578921447919,0,0,31.7286382664368,0,0,2.17926619059345,"s2lam002_231115","ConsolidatedBarren"
1.15309126594701,11.4082433758587,0,0.417075564278705,6.89401373895976,1.11629048086359,0,32.8508341511286,0,0,46.1604514229637,"s2lam002_231127","Wetlands"
0,2.67900633219679,21.6147101802241,7.29420360448125,0,0,0.0121773015099854,36.7145640526059,0.0365319045299562,0,31.648806624452,"s2lam003_230705","Shrubs"
0,0.678175092478422,3.21824907521578,0.0739827373612824,31.7139334155364,0,0.135635018495684,59.9630086313194,0.0123304562268804,0,4.20468557336621,"s2lam003_230710","Shrubs"
0.0736738703339882,3.48722986247544,0.233300589390963,10.3757367387033,16.3310412573674,0.577111984282908,0.0982318271119843,32.4042239685658,0,0,36.4194499017682,"s2lam003_230807","Wetlands"
0,7.2,3.74153846153846,0.0369230769230769,6.42461538461538,0.172307692307692,0.0369230769230769,59.2369230769231,0.0369230769230769,0,23.1138461538462,"s2lam003_230823","Shrubs"
0,3.00945829750645,37.79633951603,0.343938091143594,0.135118535806412,0.0245670065102567,0.0368505097653851,53.7280432379315,0.0368505097653851,0,4.88883429554109,"s2lam003_231011","Shrubs"
0,2.74345032130499,12.4938210578349,0.333662876915472,27.014335145823,0.074147305981216,4.00395452298566,50.852694018784,0,0,2.48393475037074,"s2lam003_231103","Shrubs"
0,3.50510392325667,58.0494404132333,0.344361087197147,0.184479153855614,0,0.012298610257041,35.6659697454188,0,0,2.23834706678145,"s2lam003_231115","ConsolidatedBarren"
0.0185345360187817,47.2321759545286,37.7116026195478,0,0.308908933646361,0.0864945014209811,0,11.8991721240578,2.46509329049796,0,0.278018040281725,"s2lam003_231127","BuiltUp"
0.160911003837109,2.68597598712712,1.72050996410447,6.94392870404753,62.0126253249164,0.482733011511326,4.7654412674836,15.88067830177,0.0742666171555886,0,5.27292981804679,"s2lam005_230725","NaturalWoodedLand"
0,0,1.73503532036188,34.2297682488536,16.9661668112529,0,0.73119345643822,43.0164828355434,0,0,3.32135332754988,"s2lam005_231113","Shrubs"
0.0491702519975415,3.82298709280885,4.17947141979103,24.019668100799,2.80270436385986,0.110633066994468,0.0245851259987707,54.0872771972956,0.110633066994468,0,10.7928703134604,"s2lam006_230705","Shrubs"
0,10.7911898609573,44.5182724252492,0.541405192567983,0.110741971207087,0,0.0492186538698167,37.4184816045281,0.110741971207087,0,6.45994832041344,"s2lam006_230710","ConsolidatedBarren"
2.85574212526045,3.61563917146709,0,4.20394656207869,15.1856845201618,0.245128079421498,0,30.4203946562079,0,0,43.4734648854026,"s2lam006_230808","Wetlands"
0.135618296141043,1.56577487362841,1.80002465787203,0.308223400320552,12.7604487732709,0.456170632474417,0.271236592282086,74.5160892614967,0.0123289360128221,0,8.17408457650105,"s2lam006_231011","Shrubs"
0.135836008891084,1.82761175598913,10.9656705359348,2.03754013336626,40.8619412200543,0.382810570511237,12.0400098789825,27.3400839713509,0.111138552729069,0,4.29735737219066,"s2lam006_231103","NaturalWoodedLand"
0.654725138974676,1.13650401482397,14.9722050648548,32.402717726992,1.22297714638666,0.0123533045089561,0,34.6633724521309,0.123533045089561,0,14.8116121062384,"s2lam006_231115","Shrubs"
0,58.3516752262167,27.0970897529958,1.35730007336757,5.3802885791147,0,0.012227928588897,7.47126436781609,0.244558571777941,0,0.0855955001222793,"s2lam006_231127","BuiltUp"
1.16707616707617,1.46191646191646,0.282555282555283,1.57248157248157,13.3292383292383,0.0122850122850123,0,81.2162162162162,0,0,0.958230958230958,"s2lam010_230807","Shrubs"
0,0.0245670065102567,17.2951725832207,0.74929369856283,0,0,0.0122835032551284,67.2153298120624,0,0,14.7033533963886,"s2lam010_231011","Shrubs"
0.222551928783383,1.22403560830861,10.1261127596439,1.10039564787339,20.8209693372898,0.370919881305638,4.85905044510386,53.9193867457962,0,0,7.35657764589515,"s2lam010_231103","Shrubs"
0,0.0871513944223108,21.5761952191235,5.52788844621514,0.13695219123506,0,0,71.1030876494024,0,0,1.56872509960159,"s2lam010_231115","Shrubs"
0.306635594259782,3.88813933521403,0.0245308475407825,1.59450509015086,14.0561756408684,0,0,18.6925058260763,0,0,61.4375076658899,"s2lam010_231127","Wetlands"
0,3.67217898832685,3.96400778210117,3.56274319066148,0,0,0.01215953307393,21.53453307393,0.0364785992217899,38.4849221789883,28.7329766536965,"s2lam015_230705","Waterbodies"
0,0.0368505097653851,17.516275641813,0.773860705073087,0,0,0.0491340130205134,67.0556442697457,0,0,14.5682348605822,"s2lam015_230710","Shrubs"
0,0.172605104179509,11.293305387745,6.78091480705215,4.40143015657749,0,1.76303784983356,68.8201208235729,0,0,6.76858587103933,"s2lam015_230907","Shrubs"
0,0.111042566317088,11.3756940160395,6.94632942628007,4.31832202344232,0,1.90006169031462,68.5502776064158,0,0,6.79827267119062,"s2lam015_231018","Shrubs"
1.65309647174932,6.76042437700469,15.4576856649396,0.715519368369109,4.19442388354305,1.65309647174932,0.456452010856156,66.8640513200099,0.0246730816679003,0,2.22057735011103,"s2lam015_231107","Shrubs"
0,0,0,0,92.9530614759148,0,6.93606012073426,0,0,0,0.110878403350992,"s2lam015_231118","NaturalWoodedLand"
0.232245446766899,9.04534897934238,13.8124923603471,0.146681334800147,0.0611172228333944,0.33003300330033,0,74.954162082875,0.0977875565334311,0,1.32013201320132,"s2lam015_231128","Shrubs"
0.037037037037037,3.64197530864198,0,0,75.8024691358025,0.135802469135802,5.65432098765432,0.0740740740740741,0,5.96296296296296,8.69135802469136,"s2lam016_230703","NaturalWoodedLand"
22.3522167487685,19.35960591133,0.0123152709359606,0.455665024630542,17.8817733990148,0.788177339901478,0.0492610837438424,0.20935960591133,0,0,38.8916256157635,"s2lam016_230711","Wetlands"
0.024835465044083,6.20886626102074,0.571215696013908,0.285607848006954,28.3000124177325,0.583633428535949,0.186265987830622,11.9086054886378,0.149012790264498,10.8530982242642,40.9288463926487,"s2lam016_230718","Wetlands"
0.236171535114978,0,0,0,98.4213797389683,0.0124300807955252,1.20571783716594,0.0124300807955252,0,0,0.111870727159727,"s2lam016_230725","NaturalWoodedLand"
0,0,0,0,99.8890532544379,0,0.0862919132149901,0,0,0,0.02465483234714,"s2lam016_230804","NaturalWoodedLand"
0,0,0,0,95.3950617283951,0,4.60493827160494,0,0,0,0,"s2lam016_230811","NaturalWoodedLand"
0.123946455131383,4.49925632126921,0.272682201289043,0.0991571641051066,72.3723351512147,0.37183936539415,1.165096678235,0.917203767972236,1.89638076351016,10.6098165592464,7.67228557263262,"s2lam016_230818","NaturalWoodedLand"
0.410039761431412,1.70228628230616,0.658548707753479,8.77236580516899,64.8856858846919,0.260934393638171,6.07604373757455,12.8727634194831,0,0,4.36133200795229,"s2lam016_230829","NaturalWoodedLand"
0.235615079365079,8.38293650793651,0.13640873015873,1.06646825396825,64.3477182539683,0.706845238095238,0.384424603174603,12.4255952380952,0,0.0496031746031746,12.2643849206349,"s2lam016_231011","NaturalWoodedLand"
0.455665024630542,21.1945812807882,0,0.258620689655172,54.0147783251232,1.71182266009852,0.344827586206897,0.0862068965517241,0.123152709359606,3.10344827586207,18.7068965517241,"s2lam016_231020","NaturalWoodedLand"
1.99454905847374,9.04360753221011,0.0743310208126858,3.3201189296333,27.8617443012884,1.48662041625372,0.173439048562934,12.2398414271556,0,0.012388503468781,43.7933597621407,"s2lam016_231027","Wetlands"
0,0,0,0,99.7393894266567,0.0124100273020601,0.248200546041201,0,0,0,0,"s2lam016_231103","NaturalWoodedLand"
0.467347189767556,3.76337473865453,0,0.012298610257041,92.4609519124339,0.996187430820317,2.02927069241176,0.012298610257041,0,0,0.25827081539786,"s2lam016_231110","NaturalWoodedLand"
0.0616142945163278,3.38878619839803,0,0.0616142945163278,92.7171903881701,0.209488601355514,2.41528034504005,0.0123228589032656,0,0,1.13370301910043,"s2lam016_231117","NaturalWoodedLand"
0.086859411837697,4.44223849112793,0.0620424370269264,0.272986722918476,68.3335401414568,0.89341109318774,0.285395210323862,0.707283782106961,0.0372254622161559,8.73557513339124,16.1434421144063,"s2lam016_231125","NaturalWoodedLand"
7.56146014402781,8.49267444747951,0.0496647628507574,0.161410479264962,72.1753166128632,7.08964489694562,0.744971442761361,0.124161907126893,0,0.0124161907126893,3.58827911596722,"s2lam017_230622","NaturalWoodedLand"
0,0.393894633185623,24.8522895125554,0.480059084194978,2.63417035942885,0,0.123092072870507,69.9162973904481,0,0,1.60019694731659,"s2lam017_230710","Shrubs"
7.35004916420846,1.75762045231072,0.553097345132743,22.5540806293019,0.0245821042281219,2.55653883972468,0.012291052114061,61.086529006883,0,0,4.10521140609636,"s2lam017_230807","Shrubs"
0.0370096225018505,15.0382432765852,3.77498149518875,0.0370096225018505,7.8460399703923,0.296076980014804,0.0123365408339502,34.1845546508759,0.0246730816679003,0,38.7490747594375,"s2lam017_230823","Wetlands"
0.854387892103015,0.390577322104235,0.390577322104235,10.2526547052362,10.716465275235,19.4190162333699,0.0732332478945441,2.81948004393995,0.122055413157574,0,54.9615525448554,"s2lam017_231027","Wetlands"
0.0367872470876763,14.9233599019007,3.78908645003066,0.0122624156958921,7.67627222562845,0.29429797670141,0.0122624156958921,34.3102391171061,0.0245248313917842,0,38.9209074187615,"s2lam017_231108","Wetlands"
1.2842677204248,0.259323289701161,0.0123487280810077,0.1605334650531,80.3902198073598,2.5808841689306,4.6801679427019,0.123487280810077,0,0,10.5087675969375,"s2lam017_231118","NaturalWoodedLand"
6.83603338242513,1.66912125675012,0.662739322533137,22.2017673048601,0.0490918016691213,2.3686794305351,0.0122729504172803,62.2484045164458,0,0,3.95189003436426,"s2lam017_231128","Shrubs"
95.9950093574548,2.65751715533375,0,0.948222083593263,0,0.0124766063630692,0,0.386774797255147,0,0,0,"s2lam017_231208","AnnualCrops"
0.273257980375109,0.186312259346665,0.124208172897777,35.4986958141846,35.6229039870824,0.347782884113775,0.37262451869333,26.1209787604024,0,0,1.45323562290399,"s2lam020_230712","NaturalWoodedLand"
1.98019801980198,6.89356435643564,0.099009900990099,38.3539603960396,0.358910891089109,0.136138613861386,0.0123762376237624,34.6039603960396,0.272277227722772,3.21782178217822,14.0717821782178,"s2lam020_230727","NaturalGrassland"
0.135936727632229,0.259515570934256,0.0988630746416213,50.976272862086,19.1670785961443,0.197726149283243,3.95452298566485,19.8220464656451,0,0,5.38803756796836,"s2lam020_230810","NaturalGrassland"
0,7.06025562994522,3.26232501521607,3.14059646987219,12.3554473524041,0.0243457090687766,0.0973828362751065,73.4510042604991,0.0730371272063299,0,0.535605599513086,"s2lam020_231010","Shrubs"
0.0122458976242959,0.183688464364438,12.3561107029145,2.74308106784227,0.612294881214793,0.0244917952485917,0,76.6470732304678,0,0,7.42101396032329,"s2lam020_231028","Shrubs"
20.7188420019627,10.3900883218842,0.478410206084396,0.110402355250245,10.3655544651619,0.0858684985279686,0,6.21933267909715,0.736015701668302,1.3738959764475,49.5215897939156,"s2lam020_231117","Wetlands"
0.02465483234714,5.11587771203156,2.60108481262327,2.51479289940828,1.50394477317554,0.739644970414201,0.01232741617357,22.361932938856,1.75049309664694,26.1957593688363,37.1794871794872,"s2lam020_231125","Wetlands"
0.248818113958696,0.136849962677283,0,1.54267230654392,93.3316745459069,2.63747200796218,1.54267230654392,0.186613585469022,0,0,0.373227170938044,"s2lam021_230718","NaturalWoodedLand"
0.296076980014804,2.92376017764619,0.111028867505551,67.6289168517148,8.77128053293856,0.542807796693807,0.974586725882063,17.1848013816926,0.185048112509252,0,1.38169257340242,"s2lam021_230810","NaturalGrassland"
1.24491556760754,0.0246517934179712,14.8896832244546,11.080981141378,0.123258967089856,0.258843830888697,0.11093307038087,71.7120670528781,0,0,0.554665351904351,"s2lam021_231110","Shrubs"
0.183778485665278,25.0061259495222,3.03847096299927,0.477824062729723,11.3575104141142,0.0122518990443519,0,45.7363391325655,0.379808870374908,1.28644939965695,12.5214408233276,"s2lam021_231117","Shrubs"
26.9348331091821,0.513510209072014,0.0978114683946693,17.2514977381098,1.62611566206138,1.49162489301871,0.0122264335493337,14.5616823572564,0,0,37.5106981293557,"s2lam021_231125","Wetlands"
0.579031661944068,19.391400763829,1.39213995318467,36.9225083158803,0.874707404213379,0.18479733891832,0.0246396451891093,18.9109276826414,0.332635210052975,0,21.3872120241469,"s2lam022_230707","NaturalGrassland"
0.0493279072635343,6.93057097052658,13.0842274016525,13.9721297323961,0.17264767542237,0.0123319768158836,0,63.9412997903564,1.70181280059193,0,0.135651744974719,"s2lam022_230714","Shrubs"
0.696430792190026,0.52232309414252,0.236289018778759,32.6451933839075,0.0870538490237533,0,0,64.1338142022137,1.31824399950255,0,0.360651660241264,"s2lam022_230726","Shrubs"
0,0.0123426314490249,19.2174771661318,14.2804245865218,0.0740557886941496,0,0,66.1318193038756,0,0,0.283880523327573,"s2lam022_230808","Shrubs"
1.12526276740448,0.111289724248794,2.01558056139483,29.8132805737604,0,0,0,64.4862124397181,0,0,2.44837393347348,"s2lam022_231010","Shrubs"
2.05115531941184,9.21784258000741,4.55949586062029,36.4388978129248,0.210058074879526,0.0123563573458544,0.0123563573458544,24.4532311874459,6.66007660941554,0,16.384529840603,"s2lam022_231019","NaturalGrassland"
0.0247647350173353,0,31.1045071817732,3.12035661218425,2.09262010896483,0,0,59.3486874690441,0,0,4.30906389301634,"s2lam022_231106","Shrubs"
0.024975024975025,0.0124875124875125,2.26023976023976,54.8576423576424,4.52047952047952,0.0124875124875125,0.699300699300699,35.1148851148851,0,0,2.4975024975025,"s2lam023_230712","NaturalGrassland"
4.44609114486847,0.0864517722613314,0,50.0802766456712,0.061751265900951,0.111152278621712,0,44.0533530937384,0.172903544522663,0,0.988020254415215,"s2lam023_230727","NaturalGrassland"
0.800689825080069,3.27666913032767,0.344912540034491,43.2126139443213,9.65755112096575,2.64843557526484,4.97659522049766,14.0921409214092,1.24414880512441,0,19.7462429169746,"s2lam023_230810","NaturalGrassland"
0,7.53591429267105,6.67153640126613,1.72875578280984,3.8836133430728,0,0,80.1801801801802,0,0,0,"s2lam023_231010","Shrubs"
6.23306233062331,1.18255728011826,7.67430401576743,9.12786400591279,2.36511456023651,0.5420054200542,0,43.2372505543237,0.160137965016014,0,29.4777038679478,"s2lam023_231028","Shrubs"
0,15.1500306184936,2.06981016533987,0.440906307409675,22.7434170238824,0,0,46.3441518677281,0.685854255970606,0,12.5658297611758,"s2lam023_231117","Shrubs"
1.24093869025679,11.0210099520826,0,0.454601302371299,6.3889912765696,0.909202604742597,0,33.7387885489618,0,0,46.2464676250154,"s2lam024_230808","Wetlands"
1.65923724616147,6.81030212976721,15.4903417533432,0.718177315502724,4.25953442298167,1.6468548786528,0.458147597820703,66.691431401684,0.0247647350173353,0,2.24120851906885,"s2lam024_230822","Shrubs"
0.123198225945546,2.46396451891093,1.97117161512874,6.84982136257238,29.3827768880128,0.0246396451891093,0.18479733891832,43.2425773068868,0.110878403350992,0,15.6461746950844,"s2lam025_230721","Shrubs"
0.110633066994468,4.05654578979717,0.454824830977259,24.7449293177628,30.620774431469,0.282728948985864,10.7437000614628,25.3226797787339,0,0,3.66318377381684,"s2lam025_230815","NaturalWoodedLand"
0.234886883421931,2.29941896402522,1.13734701446409,2.88045493880579,80.3189516627519,0.18543701322784,2.21288169118556,5.20459883792805,0.0741748052911361,0,5.4518481888985,"s2lam025_231109","NaturalWoodedLand"
0,0.320908417674648,0.185139471735374,17.0822019254505,7.94865465317206,0,0.0617131572451247,62.861021969884,0,0,11.5403604048383,"s2lam026_230605","Shrubs"
0.231115436078336,0.291935287677898,9.31760126505291,0.900133803673519,0.182459554798686,0.0121639703199124,0,78.883347524632,0.0486558812796497,0,10.132587276487,"s2lam026_230630","Shrubs"
1.20348765811126,2.60346309713865,8.49809652462237,4.2736092349257,4.53149944737812,0.159646321994351,0.0368414589217733,73.3022227680216,0.0368414589217733,0.122804863072578,5.23148716689181,"s2lam026_230705","Shrubs"
2.72243534216062,0,11.8797178567009,17.5102091325331,0.0866229427051108,0.0123747061007301,0.235119415913872,62.7026358123995,0,0,4.8508847914862,"s2lam026_230725","Shrubs"
0.0367556971330556,31.8794413134036,3.6143102180838,0.098015192354815,3.09973045822102,0,0,3.49179122764028,25.974025974026,1.28644939965695,30.5194805194805,"s2lam026_230807","BuiltUp"
0.048786437370411,0.914745700695207,2.2197829003537,5.86656909379193,3.91511159897548,0,0,86.4861568483961,0.0731796560556165,0,0.475667764361507,"s2lam026_230812","Shrubs"
0,78.5060417429513,0.18308311973636,0.0732332478945441,2.90491883315025,0,0.0122055413157574,18.3205175149518,0,0,0,"s2lam026_230822","BuiltUp"
0.0852826510721248,0.91374269005848,2.22953216374269,5.09259259259259,3.94736842105263,0,0,87.0614035087719,0.0730994152046784,0,0.596978557504873,"s2lam026_231010","Shrubs"
0.0122579063495955,0.686442755577347,9.7818092669772,6.87668546212307,11.2159843098799,0.110321157146359,0,48.2103456729591,0.0367737190487865,0,23.0693797499387,"s2lam026_231029","Shrubs"
0,9.6358955498345,1.17690327326223,0.0612970454824077,21.1597401005272,0,0,58.0483020718401,0.527154591148707,0,9.39070736790487,"s2lam026_231117","Shrubs"
2.4226929632335,18.6389091794497,0.0973946919892866,2.081811541271,0.14609203798393,0.0608716824933041,2.52008765522279,1.96006817628439,0.949598246895544,3.68882395909423,67.4336498660823,"s2lam026_231125","Wetlands"
0.480769230769231,1.83678500986193,1.232741617357,11.353550295858,7.8525641025641,3.24211045364892,0.0862919132149901,70.5867850098619,0.308185404339251,0,3.02021696252465,"s2lam027_230705","Shrubs"
0.135534746180384,1.54016757023164,1.761951700345,0.357318876293741,12.8511582060128,0.406604238541153,0.295712173484475,74.3716116313455,0.0246426811237063,0,8.2552981764416,"s2lam027_230710","Shrubs"
25.2762091824208,0.0491038546525902,0.343726982568132,17.7264915295851,0.135035600294623,2.08691382273508,0,51.0311809477044,0,0,3.35133808003928,"s2lam027_230807","Shrubs"
0.0615839389087326,4.68037935706368,9.61941125754403,1.49033132159133,26.9983988175884,0.221702180071437,1.78593422835325,49.1439832491686,0,0,5.99827564971056,"s2lam027_231103","Shrubs"
0,10.5478941483414,5.10622437569884,0.161510746676606,37.0853522176668,0,0.124239035905081,22.7481674742204,0.0993912287240651,2.21145483911045,21.9157659336564,"s2lam027_231115","NaturalWoodedLand"
0.0738007380073801,3.53013530135301,0.19680196801968,10.4920049200492,16.4821648216482,0.615006150061501,0.0984009840098401,32.2140221402214,0,0,36.2976629766298,"s2lam027_231127","Wetlands"
1.10415899889584,15.2128573181205,1.95068089804932,34.6215188320451,0.711569132621764,0.306710833026622,0.0368052999631947,24.8313090418354,0.245368666421298,0,20.979020979021,"s2lam029_230714","NaturalGrassland"
2.06313696246582,0.0869997514292816,0.708426547352722,48.011434253045,0.062142679592344,0.347999005717126,0,47.6261496395725,0.0248570718369376,0,1.06885408898832,"s2lam029_230726","NaturalGrassland"
0,0.0248447204968944,5.19254658385093,12.8198757763975,3.3416149068323,0,0,75.8509316770186,0,0,2.77018633540373,"s2lam029_230808","Shrubs"
1.25430398425971,14.9655681259223,1.86915887850467,34.3334972946385,0.774717166748647,0.356615838662076,0.0368912936546975,24.7786522380718,0.221347761928185,0,21.4092474176094,"s2lam029_231010","NaturalGrassland"
0,1.29192546583851,6.95652173913043,24.1490683229814,0,0,0,55.4409937888199,12.1614906832298,0,0,"s2lam029_231019","Shrubs"
0.0123961819759514,1.20242965166729,5.37994297756291,10.6235279533904,3.4957233172183,0.0123961819759514,0.136358001735465,76.1869344241973,0,0,2.95029131027643,"s2lam029_231106","Shrubs"
1.58044202988023,10.6926781084084,3.01271761945919,38.5726632917644,0.271638473885665,0.432152117545376,0.0617360167921966,26.8428201012471,1.19767872576861,8.51957031732313,8.81590319792567,"s2lam029_231114","NaturalGrassland"
0.209230769230769,3.29846153846154,0.196923076923077,7.82769230769231,0.726153846153846,0.258461538461538,0.0861538461538462,85.5384615384615,0.849230769230769,0,1.00923076923077,"s2lam030_230704","Shrubs"
0.0619732275656916,0.768468021814576,0.508180466038671,11.6385721368369,0.347050074367873,0.0867625185919683,0,62.4442240951909,2.03272186415469,0,22.1120475954388,"s2lam030_230805","Shrubs"
1.8035824583076,3.42186534898085,14.1692402717727,2.89067325509574,0.16059295861643,0.592958616429895,0.0123533045089561,71.0562075355158,0.271772699197035,0,5.62075355157505,"s2lam030_230811","Shrubs"
0.989976488058409,0.853854720950377,19.8490285855711,21.0988739017448,0.185620591510952,0,0,55.3644350946665,0,0,1.65821061749783,"s2lam030_230826","Shrubs"
3.3222998651465,0.331004045605002,4.47468432021577,33.0758857423072,0.0122594090964815,0.0858158636753708,0.0367782272894446,58.2321932082874,0,0,0.429079318376854,"s2lam030_231025","Shrubs"
0.616979269496545,0.123395853899309,43.2008884501481,6.47828232971372,0.246791707798618,0.40720631786772,0.0246791707798618,45.5947680157947,1.50542941757157,0,1.80157946692991,"s2lam030_231031","Shrubs"
0.221483942414175,0.2953119232189,3.53143841515935,6.05389442598745,0.110741971207087,0,0,89.0980681678356,0,0,0.689061154177433,"s2lam030_231106","Shrubs"
0.480295566502463,0.110837438423645,4.58128078817734,20.0862068965517,0,0,0,73.1527093596059,0,0,1.58866995073892,"s2lam032_230714","Shrubs"
2.05487879906485,9.21619293712317,4.57733480989295,35.8065706902916,0.196874615479267,0.0123046634674542,0.0123046634674542,24.9661621754645,6.93983019564415,0,16.2175464501046,"s2lam032_230726","NaturalGrassland"
0,6.43484717237966,16.4707338200718,8.87266427422349,14.4041579012498,0.0123747061007301,0.148496473208761,49.9566885286474,0,0.0742482366043807,3.62578888751392,"s2lam032_230808","Shrubs"
6.22587473540032,6.66168596687835,1.10820570290126,21.1430706014195,3.810235338065,2.19150790686091,0.273938488357614,25.6257004109077,1.20781969866766,0.0124517494708006,31.7395094010709,"s2lam032_230822","Wetlands"
2.29471595137683,0.0248077400148846,10.5805011163483,4.31654676258993,0,0.3225006201935,0,82.4113123294468,0.037211610022327,0,0.0124038700074423,"s2lam032_231010","Shrubs"
0.64484126984127,4.87351190476191,5.0719246031746,25.9796626984127,2.67857142857143,0.706845238095238,0.198412698412698,39.0997023809524,2.1577380952381,0,18.5887896825397,"s2lam032_231019","Shrubs"
0,0.0247494122014602,3.36592005939859,7.98168543497092,0.235119415913872,0,0,87.6500433114714,0,0,0.742482366043806,"s2lam032_231106","Shrubs"
0,0.851326341764343,24.0715607649599,3.26958667489204,0.653917334978408,0.0123380629241209,0,67.1314003701419,0,0,4.0098704503393,"s2lam037_230705","Shrubs"
0.945829750644884,0.0737010195307702,2.00221103058592,0.233386561847439,0,0,0,96.7325881341359,0.0122835032551284,0,0,"s2lam037_230805","Shrubs"
0.272007912957468,1.17457962413452,49.3076162215628,1.162215628091,0.506923837784372,0.0123639960435213,0.0123639960435213,44.0529179030663,0.506923837784372,0,2.99208704253215,"s2lam037_230812","ConsolidatedBarren"
0,0.295384615384615,31.1507692307692,8.19692307692308,3.88923076923077,0,1.64923076923077,50.2769230769231,0.0984615384615385,0,4.44307692307692,"s2lam037_230826","Shrubs"
0.601817735200197,1.17907148120855,22.1812822402358,13.6575779906657,1.11766150822894,0.847457627118644,2.45639891918448,44.5836403831982,0.491279783836895,1.67035126504544,11.2134610660771,"s2lam037_231025","Shrubs"
0.258939580764488,1.29469790382244,48.4833538840937,1.17139334155364,0.456226880394575,0.0123304562268804,0.0123304562268804,44.6979038224414,0.641183723797781,0,2.97163995067817,"s2lam037_231031","ConsolidatedBarren"
4.94950754270041,0.0748036404438349,11.6943024560529,0.935045505547937,0,0.0124672734073058,0,82.1717990275527,0.0623363670365291,0,0.0997381872584466,"s2lam037_231106","Shrubs"
1.40619217959788,6.08116442580486,0,0.33304551622055,68.1756506722585,0.962131491303811,0.271370420624152,0.123350191192796,0,19.1686197113606,3.47847539163686,"s2lam038_230703","NaturalWoodedLand"
5.15970515970516,0.601965601965602,0,0.15970515970516,87.3095823095823,1.52334152334152,0.147420147420147,0.0122850122850123,0,0,5.08599508599509,"s2lam038_230711","NaturalWoodedLand"
0,10.0483211497956,10.1474414570685,0.0743402304547144,36.5753933837195,0.458431421137406,0.123900384091191,15.2521372816256,0.0495601536364763,0,27.2704745384711,"s2lam038_230718","NaturalWoodedLand"
0.074064930255524,0.580175287001605,0,0,98.0496235032712,0.654240217257129,0.55548697691643,0,0,0,0.0864090852981113,"s2lam038_230725","NaturalWoodedLand"
0,0,0,0,99.938469111494,0,0.06153088850603,0,0,0,0,"s2lam038_230804","NaturalWoodedLand"
1.48203038162282,7.26194886995183,0,0.815116709892553,76.0652093367914,0.592812152649129,6.87909102136594,2.12424354699271,0,0.0494010127207608,4.73014696801284,"s2lam038_230811","NaturalWoodedLand"
1.10655228148701,3.0834265821211,2.93422852169588,2.84719631978118,38.8785279124705,1.72821086659207,3.1331592689295,37.0259853288574,0.0124331717021012,0.0248663434042024,9.2254134029591,"s2lam038_230819","NaturalWoodedLand"
1.15758028379388,1.92930047298979,0.510331092855365,3.12422205626089,66.89071446353,0.746825989544436,23.6370425690814,1.38162808065721,0,0,0.62235499128703,"s2lam038_230829","NaturalWoodedLand"
0.0369731328567907,3.57406950948977,0,0.0123243776189302,76.0044367759428,0.0739462657135815,5.61991619423219,0.172541286665023,0,5.94035001232438,8.56544244515652,"s2lam038_231011","NaturalWoodedLand"
0.172011303599951,0.0122865216857108,0,0,93.8690256788303,0.258016955399926,0.761764344514068,0,0,1.52352868902814,3.40336650694188,"s2lam038_231020","NaturalWoodedLand"
0.0616827041697508,8.95632864544782,0.0123365408339502,0.888230940044411,71.527263755243,0.135701949173452,0.382432765852455,3.87367382186035,0.0123365408339502,0,14.1500123365408,"s2lam038_231027","NaturalWoodedLand"
0.0124254473161034,0.0372763419483101,0,0,99.1053677932406,0.149105367793241,0.633697813121272,0,0,0,0.0621272365805169,"s2lam038_231103","NaturalWoodedLand"
0,0,0,0,99.9631947000368,0,0.0368052999631947,0,0,0,0,"s2lam038_231110","NaturalWoodedLand"
0,0,0,0,95.5234924158343,0,4.47650758416574,0,0,0,0,"s2lam038_231117","NaturalWoodedLand"
0,0.0987776268675145,0.950734658599827,0.0864304235090752,64.7363872082973,0.0123472033584393,2.27188541795283,30.0407457710829,0,0,1.80269169033214,"s2lam038_231125","NaturalWoodedLand"
0.409886970562663,1.66438951683021,0.670724133647994,8.60762638181592,65.3334989442305,0.248416345795553,6.13588374115017,12.7313377220221,0,0,4.19823624394485,"s2lam038_231130","NaturalWoodedLand"
0.086967325133557,0,8.83339545285129,38.5265250341657,1.15542303391726,0.0248478071810163,0,51.2858740216176,0,0,0.086967325133557,"s2lam039_230613","Shrubs"
3.33706885817457,0.361100734653219,11.4805130120782,44.5648113559955,0.946332959780849,0.597683974598431,0.112065745237206,37.5046694060515,0,0,1.09575395343046,"s2lam039_230622","NaturalGrassland"
0.607036669970268,0.681367690782953,1.22646184340932,16.0802775024777,6.52874132804757,2.3414271555996,0.545094152626363,70.6392467789891,0,0,1.35034687809713,"s2lam039_230712","Shrubs"
1.82699478001491,0,15.6475267213522,31.2329107631121,0.0248570718369376,0,0,51.0937111608253,0,0,0.173999502858563,"s2lam039_230812","Shrubs"
0.36101083032491,2.47728121498817,1.03323789368853,5.07904892319183,14.5400224075688,2.29055147516494,0.174281090501681,68.6667496576621,0.0622432466077431,0,5.31557326030126,"s2lam039_230822","Shrubs"
0.099626400996264,2.11706102117061,5.72851805728518,4.22166874221669,0.012453300124533,2.96388542963885,0.012453300124533,82.9389788293898,0.136986301369863,0,1.76836861768369,"s2lam039_231005","Shrubs"
0,1.77794355340047,71.8139997513366,0.124331717021012,0,0,0,24.4063160512247,1.87740892701728,0,0,"s2lam039_231013","ConsolidatedBarren"
0.0250281566762608,0,48.7047928920035,0.100112626705043,0,0.0125140783381304,0,49.2554123388812,1.90213990739582,0,0,"s2lam039_231026","Shrubs"
0.421209117938553,2.73785926660059,2.18037661050545,2.96085232903865,12.2398414271556,0.582259663032706,1.02824578790882,50.7556987115956,0,0,27.093657086224,"s2lam040_230617","Shrubs"
0.806151556492621,11.4597544338336,0.297655959320352,0.49609326553392,38.3356070941337,0.533300260448964,0.334862954235396,2.15800570507255,0.43408160734218,30.1252635495473,15.0192236140394,"s2lam040_230703","NaturalWoodedLand"
0.0247188233840069,0.0123594116920035,0,0.0494376467680138,96.1315041404029,0.0617970584600173,0.655048819676183,0,0,0,3.06513409961686,"s2lam040_230711","NaturalWoodedLand"
0.667078443483632,4.96602841260037,0.0247066090179123,4.58307597282273,45.7442865966646,1.13650401482397,0.457072266831377,10.6361951822112,0.0247066090179123,0.135886349598518,31.6244595429277,"s2lam040_230718","NaturalWoodedLand"
0,0,0,0,99.7265382224984,0.0124300807955252,0.261031696706029,0,0,0,0,"s2lam040_230725","NaturalWoodedLand"
0.479351032448378,3.92084562438545,0,0.012291052114061,92.2935103244838,1.02015732546706,2.00344149459194,0.012291052114061,0,0,0.25811209439528,"s2lam040_230804","NaturalWoodedLand"
0,0,0,0,95.4404273822835,0.0124239035905081,4.53472481053547,0,0,0,0.0124239035905081,"s2lam040_230811","NaturalWoodedLand"
0.0750938673341677,5.3441802252816,0,0.0375469336670839,83.4167709637046,0.425531914893617,1.07634543178974,1.78973717146433,0.0125156445556946,0.312891113892365,7.50938673341677,"s2lam040_230818","NaturalWoodedLand"
0,0,0,0,99.7144276136082,0,0.273156195679166,0,0,0,0.0124161907126893,"s2lam040_230829","NaturalWoodedLand"
1.36615384615385,5.88307692307692,0,0.393846153846154,68.0492307692308,0.935384615384615,0.295384615384615,0.147692307692308,0,19.3107692307692,3.61846153846154,"s2lam040_231011","NaturalWoodedLand"
4.99386503067485,0.797546012269939,0,0.122699386503067,87.1042944785276,1.68098159509202,0.122699386503067,0.0122699386503067,0,0,5.16564417177914,"s2lam040_231020","NaturalWoodedLand"
0.149049807477332,1.63954788225065,0.0124208172897777,0.037262451869333,49.8944230530369,0.919140479443547,0,0.471991057011551,0.149049807477332,21.0657061234629,25.6614085206807,"s2lam040_231027","NaturalWoodedLand"
0.0740283775447255,0.604565083281925,0,0,97.9025293028994,0.703269586674892,0.666255397902529,0,0,0,0.0493522516964837,"s2lam040_231103","NaturalWoodedLand"
0,0,0,0,99.9753694581281,0,0.0123152709359606,0,0,0,0.0123152709359606,"s2lam040_231110","NaturalWoodedLand"
1.38579559514972,8.21578817124474,0.0247463499133878,1.05171987131898,74.0534521158129,0.655778272704776,6.69388765157139,3.01905468943331,0,0.0494926998267756,4.850284583024,"s2lam040_231117","NaturalWoodedLand"
0.123823675086677,4.99009410599307,0.284794452699356,0.111441307578009,69.9108469539376,0.396235760277365,1.23823675086677,0.941059930658742,2.15453194650817,12.295690936107,7.55324418028727,"s2lam040_231125","NaturalWoodedLand"
2.35702766406153,5.73129884629699,0.0992432700657487,2.17094653268825,80.6227515196626,1.9352437662821,6.1406773353182,0.0868378613075301,0,0,0.855973204317082,"s2lam040_231130","NaturalWoodedLand"
2.58727407774202,2.41396385243872,0.0247586036147561,2.51299826689775,13.5924733845011,2.62441198316415,0.210448130725427,7.08096063382025,0.0247586036147561,0,68.9279524634811,"s2lam041_230617","Wetlands"
1.33613757268341,1.53408387974762,0.507237411852035,0.0494865767660522,79.0176914511939,0.358777681553879,2.83310651985649,1.43511072621551,0.0371149325745392,2.49907212668564,10.392181120871,"s2lam041_230703","NaturalWoodedLand"
0.0988142292490119,0.0370553359683794,0,0,93.7870553359684,0.234683794466403,0.741106719367589,0,0,1.59337944664032,3.50790513833992,"s2lam041_230711","NaturalWoodedLand"
0.062142679592344,0.397713149391002,1.21799652000994,5.2572706935123,11.5088242605021,0.335570469798658,0.0745712155108128,54.2381307481979,0,0,26.907780263485,"s2lam041_230718","Shrubs"
0,0,0,0,99.9752903385224,0,0.0247096614776378,0,0,0,0,"s2lam041_230804","NaturalWoodedLand"
0,0,0,0,95.2990401181393,0,4.70095988186069,0,0,0,0,"s2lam041_230811","NaturalWoodedLand"
0.0371057513914657,11.1935683364255,0,0.0247371675943105,64.6134817563389,0.28447742733457,0.235003092145949,0,7.91589363017934,13.2220160791589,2.47371675943105,"s2lam041_230818","NaturalWoodedLand"
2.53038948151823,2.41875465145125,0.0248077400148846,2.53038948151823,13.6938724882163,2.62962044157777,0.223269660133962,7.14462912428678,0.0248077400148846,0,68.7794591912677,"s2lam041_231004","Wetlands"
0.148827979660176,2.38124767456282,0.297655959320352,3.24941088924718,53.3548307081731,0.694530571747489,5.43222125759643,4.6508743643805,0,18.8267394270123,10.9636611682996,"s2lam041_231011","NaturalWoodedLand"
0.0859001104429991,7.06835194502393,0,0.0122714443489999,53.6262118051295,0.0368143330469996,0.134985887838999,0.0613572217449994,0.0368143330469996,13.3758743404099,25.5614185789667,"s2lam041_231020","NaturalWoodedLand"
0.074147305981216,0.358378645575877,1.11220958971824,5.23974295600593,11.4928324270885,0.444883835887296,0.0617894216510133,54.7454275827978,0,0,26.4705882352941,"s2lam041_231027","Shrubs"
0.0248787162582411,0.93295185968404,0,0.0621967906456027,91.4417216071651,0.721482771488991,5.29916656300535,0.485134967035701,0,0,1.032466724717,"s2lam041_231103","NaturalWoodedLand"
0.855018587360595,2.63940520446097,0.0991325898389095,0.309789343246592,93.0978934324659,0.793060718711276,0.148698884758364,0.978934324659232,0.0495662949194548,0,1.02850061957869,"s2lam041_231110","NaturalWoodedLand"
0,0,0,0,95.4354280059377,0.012370113805047,4.53983176645225,0,0,0,0.012370113805047,"s2lam041_231117","NaturalWoodedLand"
0.037032465127762,11.159116158499,0,0.0246883100851747,64.0785088260709,0.296259721022096,0.246883100851747,0,7.92494753734107,13.7390445623997,2.49351931860264,"s2lam041_231125","NaturalWoodedLand"
0,0,0,0,99.727047146402,0,0.260545905707196,0,0,0,0.0124069478908189,"s2lam041_231130","NaturalWoodedLand"
0.579674395658609,2.7503700049334,5.26640355204736,2.81203749383325,3.9590527873705,1.94869264923532,0.0246669955599408,81.1174148988653,0.148001973359645,0,1.39368524913666,"s2lam042_230705","Shrubs"
0,3.23660714285714,0.471230158730159,0.0744047619047619,34.9330357142857,0,0.0744047619047619,48.5739087301587,0.558035714285714,0,12.078373015873,"s2lam042_230710","Shrubs"
0.397960452680015,0,19.114537992787,0.0124362641462505,0,0,0,80.4253202338018,0.0497450565850019,0,0,"s2lam042_230805","Shrubs"
1.62421557770395,0.073827980804725,75.2676264304171,0.775193798449612,0.110741971207087,0.406053894425987,0.0369139904023625,20.5610926541159,0,0,1.14433370247324,"s2lam042_230812","ConsolidatedBarren"
0.515907136715391,1.11779879621668,22.5156614666503,13.8066576587643,1.19149981574745,0.712443188797445,2.30929861196413,44.9576219137698,0.515907136715391,1.44945338410515,10.907750890554,"s2lam042_230826","Shrubs"
0.763264803643974,0.541671796134433,27.8837867782839,23.4888587960113,0.0492428905576757,0,0,46.7438138618737,0,0,0.529361073495014,"s2lam042_231025","Shrubs"
0.185459940652819,0.87784371909001,66.2586547972305,0.321463897131553,0.284371909000989,0,0.136003956478734,27.8437190900099,0.210187932739862,0,3.88229475766568,"s2lam042_231031","ConsolidatedBarren"
0.0620347394540943,0.694789081885856,0.645161290322581,11.6873449131514,0.32258064516129,0.11166253101737,0,62.5682382133995,2.02233250620347,0,21.8858560794045,"s2lam042_231106","Shrubs"
0,0.0617436404050383,12.6204000987898,24.6727587058533,2.72906890590269,0.0123487280810077,0.148184736972092,59.4344282538898,0,0,0.321066930106199,"s2lam044_230613","Shrubs"
2.64768327713251,1.29886349444236,13.0635693767953,44.0239790183589,2.41039090795554,0.86174597227426,0.636942675159236,32.9961283876608,0,0,2.06069689022106,"s2lam044_230622","NaturalGrassland"
0.0990712074303406,0.445820433436532,36.2724458204334,3.73993808049536,0,0,0,58.8359133126935,0.606811145510836,0,0,"s2lam044_230809","Shrubs"
0.574784455829064,0.91215794077221,38.0357365987755,2.88641759340247,0,0.187429713857304,0,53.0925902786455,1.17455954017244,0,3.13632387854555,"s2lam044_230815","Shrubs"
0.421783897779432,0.831162386800645,0.446594715295869,2.29500062027044,0,1.41421659843692,0.0496216350328743,90.0508621759087,0.0124054087582186,0,4.47835256171691,"s2lam044_230930","Shrubs"
3.81082423038729,0.111717974180735,3.11569016881827,8.24230387288977,0.0496524329692155,0.0372393247269116,0.0124131082423039,84.4836146971202,0.136544190665343,0,0,"s2lam044_231016","Shrubs"
0.0993912287240651,0.0745434215430488,88.0233569387502,0,0,0.0496956143620325,0,8.19977636973537,3.55323642688533,0,0,"s2lam044_231026","ConsolidatedBarren"
0,5.91230902993417,1.11787355607999,5.47758042479195,12.681654452863,1.88796422804621,0.149049807477332,67.5195627872314,0.0248416345795553,0.124208172897777,5.10495590609862,"s2lam044_231107","Shrubs"
0.0994406463642014,4.69857054070851,0.372902423865755,2.80919825978869,23.0205096333126,1.40459912989434,1.30515848353014,27.3586078309509,0.472343070229956,0,38.4586699813549,"s2lam044_231117","Wetlands"
0.0859211979869891,3.31410335092672,6.5054621333006,0.0368233705658525,5.59715232600957,0.0245489137105683,0.0859211979869891,78.6547195286609,0.0736467411317049,2.03755983797717,3.58414140174297,"s2lam044_231130","Shrubs"
88.927593928838,4.45384423986066,0.0248818113958696,3.04802189599403,0.659368001990545,1.25653147549142,0.223936302562827,0.933067927345111,0.398108982333914,0,0.0746454341876089,"s2lam044_231208","AnnualCrops"
0,0.0491521258294421,3.31776849348734,2.06438928483657,3.91988203489801,0.0860162202015237,0.0368640943720816,63.0621774391742,0,0,27.4637503072008,"s2lam045_230705","Shrubs"
