"HighVeg","LowVeg","Other","SiteID","MajorityClass3"
0,98.1720964934096,1.8279035065904,"s2lam001_230713","LowVeg"
0,99.8756373585375,0.124362641462505,"s2lam001_230725","LowVeg"
0,99.2405378486056,0.759462151394422,"s2lam001_230802","LowVeg"
28.6716730272067,70.2696048258033,1.05872214699003,"s2lam001_230809","LowVeg"
0,95.9706504166148,4.02934958338515,"s2lam001_230815","LowVeg"
0,100,0,"s2lam001_231001","LowVeg"
0.297582145071296,60.3719776813391,39.3304401735896,"s2lam001_231013","LowVeg"
0.0495233378729726,83.3973009780859,16.5531756840411,"s2lam001_231025","LowVeg"
0.0619271736437949,70.9809264305177,28.9571463958385,"s2lam001_231107","LowVeg"
57.4885788368934,36.3625138906038,6.14890727250278,"s2lam001_231117","HighVeg"
0.182637282357239,79.3619870936321,20.4553756240107,"s2lam002_230807","LowVeg"
2.97384007897335,96.6189536031589,0.40720631786772,"s2lam002_231011","LowVeg"
39.7755303404045,58.3867784903799,1.83769116921559,"s2lam002_231103","LowVeg"
1.09578921447919,94.4964294508742,4.40778133464664,"s2lam002_231115","LowVeg"
6.89401373895976,79.4283611383709,13.6776251226693,"s2lam002_231127","LowVeg"
0.0121773015099854,97.3088163662932,2.67900633219679,"s2lam003_230705","LowVeg"
31.8495684340321,67.4722564734895,0.678175092478422,"s2lam003_230710","LowVeg"
16.4292730844794,79.4327111984283,4.13801571709234,"s2lam003_230807","LowVeg"
6.46153846153846,86.1661538461538,7.37230769230769,"s2lam003_230823","LowVeg"
0.171969045571797,96.7940056504115,3.03402530401671,"s2lam003_231011","LowVeg"
31.0182896688087,66.1641127039051,2.81759762728621,"s2lam003_231103","LowVeg"
0.196777764112655,96.2981183126307,3.50510392325667,"s2lam003_231115","LowVeg"
0.308908933646361,52.3538860743853,47.3372049919684,"s2lam003_231127","LowVeg"
66.7780665924001,29.8923134051244,3.32962000247555,"s2lam005_230725","HighVeg"
17.6973602676912,82.3026397323088,0,"s2lam005_231113","LowVeg"
2.82728948985864,93.1899200983405,3.98279041180086,"s2lam006_230705","LowVeg"
0.159960625076904,89.0488495139658,10.7911898609573,"s2lam006_230710","LowVeg"
15.1856845201618,78.0978061036892,6.71650937614904,"s2lam006_230808","LowVeg"
13.031685365553,84.8107508322032,2.15756380224387,"s2lam006_231011","LowVeg"
52.9019510990368,44.7517905655717,2.34625833539145,"s2lam006_231103","HighVeg"
1.22297714638666,96.9734403953057,1.8035824583076,"s2lam006_231115","LowVeg"
5.3925165077036,36.2558082660797,58.3516752262167,"s2lam006_231127","Other"
13.3292383292383,84.029484029484,2.64127764127764,"s2lam010_230807","LowVeg"
0.0122835032551284,99.9631494902346,0.0245670065102567,"s2lam010_231011","LowVeg"
25.6800197823937,72.5024727992087,1.81750741839763,"s2lam010_231103","LowVeg"
0.13695219123506,99.7758964143426,0.0871513944223108,"s2lam010_231115","LowVeg"
14.0561756408684,81.7490494296578,4.19477492947381,"s2lam010_231127","LowVeg"
0.01215953307393,57.8307392996109,42.1571011673152,"s2lam015_230705","LowVeg"
0.0491340130205134,99.9140154772141,0.0368505097653851,"s2lam015_230710","LowVeg"
6.16446800641105,93.6629268894094,0.172605104179509,"s2lam015_230907","LowVeg"
6.21838371375694,93.670573719926,0.111042566317088,"s2lam015_231018","LowVeg"
4.65087589439921,85.2825067850975,10.0666173205033,"s2lam015_231107","LowVeg"
99.889121596649,0.110878403350992,0,"s2lam015_231118","HighVeg"
0.0611172228333944,90.331255347757,9.60762742940961,"s2lam015_231128","LowVeg"
81.4567901234568,8.76543209876543,9.77777777777778,"s2lam016_230703","HighVeg"
17.9310344827586,39.5689655172414,42.5,"s2lam016_230711","Other"
28.4862784055631,53.8432882155718,17.670433378865,"s2lam016_230718","LowVeg"
99.6270975761342,0.124300807955252,0.248601615910503,"s2lam016_230725","HighVeg"
99.9753451676529,0.02465483234714,0,"s2lam016_230804","HighVeg"
100,0,0,"s2lam016_230811","HighVeg"
73.5374318294497,10.8577094695092,15.6048587010412,"s2lam016_230818","HighVeg"
70.9617296222664,26.6650099403579,2.37326043737575,"s2lam016_230829","HighVeg"
64.7321428571429,25.8928571428571,9.375,"s2lam016_231011","HighVeg"
54.35960591133,19.1748768472906,26.4655172413793,"s2lam016_231020","HighVeg"
28.0351833498513,59.4276511397423,12.5371655104063,"s2lam016_231027","LowVeg"
99.9875899726979,0,0.0124100273020601,"s2lam016_231103","HighVeg"
94.4902226048457,0.282868035911942,5.22690935924241,"s2lam016_231110","HighVeg"
95.1324707332101,1.20764017252002,3.65988909426987,"s2lam016_231117","HighVeg"
68.6189353517806,17.2229805186748,14.1580841295446,"s2lam016_231125","HighVeg"
72.9202880556245,3.92351626520983,23.1561956791656,"s2lam017_230622","HighVeg"
2.75726243229936,96.848842934515,0.393894633185623,"s2lam017_230710","LowVeg"
0.0368731563421829,88.298918387414,11.6642084562439,"s2lam017_230807","LowVeg"
7.85837651122625,76.7702936096719,15.3713298791019,"s2lam017_230823","LowVeg"
10.7896985231295,68.5463200292933,20.6639814475772,"s2lam017_231027","LowVeg"
7.68853464132434,77.0570202329859,15.2544451256898,"s2lam017_231108","LowVeg"
85.0703877500617,10.8051370708817,4.12447517905656,"s2lam017_231118","HighVeg"
0.0613647520864016,89.0648011782032,10.8738340697104,"s2lam017_231128","LowVeg"
0,1.33499688084841,98.6650031191516,"s2lam017_231208","Other"
35.9955285057757,63.1971183703888,0.807353123835548,"s2lam020_230712","LowVeg"
0.371287128712871,87.4009900990099,12.2277227722772,"s2lam020_230727","LowVeg"
23.1216015818092,76.2852199703411,0.593178447849728,"s2lam020_230810","LowVeg"
12.4528301886792,80.4625684723068,7.084601339014,"s2lam020_231010","LowVeg"
0.612294881214793,99.1672789615479,0.220426157237326,"s2lam020_231028","LowVeg"
10.3655544651619,57.0657507360157,32.5686947988224,"s2lam020_231117","LowVeg"
1.51627218934911,66.4077909270217,32.0759368836292,"s2lam020_231125","LowVeg"
94.8743468524509,2.10251306295098,3.02314008459816,"s2lam021_230718","HighVeg"
9.74586725882063,86.4914877868246,3.7626449543548,"s2lam021_230810","LowVeg"
0.234192037470726,98.2373967706151,1.52841119191421,"s2lam021_231110","LowVeg"
11.3575104141142,62.1538838519971,26.4886057338888,"s2lam021_231117","LowVeg"
1.63834209561071,69.4216896931165,28.9399682112728,"s2lam021_231125","LowVeg"
0.899347049402489,78.9454231859061,20.1552297646914,"s2lam022_230707","LowVeg"
0.17264767542237,92.8351214699716,6.99223085460599,"s2lam022_230714","LowVeg"
0.0870538490237533,98.6941922646437,1.21875388633255,"s2lam022_230726","LowVeg"
0.0740557886941496,99.9136015798568,0.0123426314490249,"s2lam022_230808","LowVeg"
0,98.7634475083467,1.23655249165327,"s2lam022_231010","LowVeg"
0.22241443222538,88.4962313110095,11.2813542567651,"s2lam022_231019","LowVeg"
2.09262010896483,97.8826151560178,0.0247647350173353,"s2lam022_231106","LowVeg"
5.21978021978022,94.7302697302697,0.04995004995005,"s2lam023_230712","LowVeg"
0.061751265900951,95.2945535383475,4.64369519575151,"s2lam023_230727","LowVeg"
14.6341463414634,78.640059127864,6.72579453067258,"s2lam023_230810","LowVeg"
3.8836133430728,88.5804723642562,7.53591429267105,"s2lam023_231010","LowVeg"
2.36511456023651,89.6772604089677,7.95762503079576,"s2lam023_231028","LowVeg"
22.7434170238824,62.106552357624,15.1500306184936,"s2lam023_231117","LowVeg"
6.3889912765696,80.4398574763485,13.171151247082,"s2lam024_230808","LowVeg"
4.71768202080238,85.1659237246161,10.1163942545815,"s2lam024_230822","LowVeg"
29.5675742269311,67.8206233830233,2.61180239004558,"s2lam025_230721","LowVeg"
41.3644744929318,54.1856177012907,4.4499078057775,"s2lam025_230815","LowVeg"
82.5318333539374,14.7484237853876,2.71974286067499,"s2lam025_231109","HighVeg"
8.01036781041718,91.6687237719082,0.320908417674648,"s2lam026_230605","LowVeg"
0.182459554798686,99.2823257511252,0.535214694076146,"s2lam026_230630","LowVeg"
4.56834090629989,91.3422571533833,4.08940194031684,"s2lam026_230705","LowVeg"
0.321742358618983,96.9434475931197,2.73481004826135,"s2lam026_230725","LowVeg"
3.09973045822102,63.6976231315854,33.2026464101936,"s2lam026_230807","LowVeg"
3.91511159897548,95.1213562629589,0.963532138065618,"s2lam026_230812","LowVeg"
2.91712437446601,18.5768338825827,78.5060417429513,"s2lam026_230822","Other"
3.94736842105263,95.0536062378168,0.999025341130604,"s2lam026_231010","LowVeg"
11.2159843098799,87.9749938710468,0.809021819073302,"s2lam026_231029","LowVeg"
21.1597401005272,69.2043643496384,9.6358955498345,"s2lam026_231117","LowVeg"
2.66617969320672,72.5225225225225,24.8112977842708,"s2lam026_231125","LowVeg"
7.93885601577909,86.5014792899408,5.55966469428008,"s2lam027_230705","LowVeg"
13.1468703794973,84.7708230655495,2.08230655495318,"s2lam027_230710","LowVeg"
0.135035600294623,72.4527375398969,27.4122268598085,"s2lam027_230807","LowVeg"
28.7843330459416,66.2520014780145,4.96366547604385,"s2lam027_231103","LowVeg"
37.2095912535719,50.0310597589763,12.7593489874519,"s2lam027_231115","LowVeg"
16.5805658056581,79.2004920049201,4.21894218942189,"s2lam027_231127","LowVeg"
0.748374432584959,82.6278984173721,16.6237271500429,"s2lam029_230714","LowVeg"
0.062142679592344,97.4397216007954,2.49813571961223,"s2lam029_230726","LowVeg"
3.3416149068323,96.6335403726708,0.0248447204968944,"s2lam029_230808","LowVeg"
0.811608460403345,82.6119035907526,16.5764879488441,"s2lam029_231010","LowVeg"
0,98.7080745341615,1.29192546583851,"s2lam029_231019","LowVeg"
3.63208131895376,95.140696665427,1.22722201561919,"s2lam029_231106","LowVeg"
0.333374490677861,78.441782936165,21.2248425731572,"s2lam029_231114","LowVeg"
0.812307692307692,95.4215384615385,3.76615384615385,"s2lam030_230704","LowVeg"
0.347050074367873,98.7357461576599,0.917203767972236,"s2lam030_230805","LowVeg"
0.172946263125386,94.0086473131563,5.81840642371834,"s2lam030_230811","LowVeg"
0.185620591510952,97.9705481994803,1.84383120900879,"s2lam030_230826","LowVeg"
0.0490376363859262,96.2118425891872,3.73911977442687,"s2lam030_231025","LowVeg"
0.27147087857848,98.5809476801579,1.14758144126357,"s2lam030_231031","LowVeg"
0.110741971207087,99.3724621631598,0.516795865633075,"s2lam030_231106","LowVeg"
0,99.4088669950739,0.591133004926108,"s2lam032_230714","LowVeg"
0.209179278946721,88.5074443213978,11.2833763996555,"s2lam032_230726","LowVeg"
14.5526543744586,78.9258755104566,6.52147011508477,"s2lam032_230808","LowVeg"
4.08417382642261,80.824305814967,15.0915203586104,"s2lam032_230822","LowVeg"
0,97.3579756884148,2.64202431158521,"s2lam032_231010","LowVeg"
2.87698412698413,90.8978174603175,6.22519841269841,"s2lam032_231019","LowVeg"
0.235119415913872,99.7401311718847,0.0247494122014602,"s2lam032_231106","LowVeg"
0.653917334978408,98.4824182603331,0.863664404688464,"s2lam037_230705","LowVeg"
0,98.9804692298244,1.01953077017565,"s2lam037_230805","LowVeg"
0.519287833827893,98.0217606330366,1.45895153313551,"s2lam037_230812","LowVeg"
5.53846153846154,94.1661538461538,0.295384615384615,"s2lam037_230826","LowVeg"
3.57406042741341,92.1272414640137,4.29869810857283,"s2lam037_231025","LowVeg"
0.468557336621455,97.9654747225647,1.56596794081381,"s2lam037_231031","LowVeg"
0,94.9632215434484,5.03677845655155,"s2lam037_231106","LowVeg"
68.4470210928827,3.9348710990502,27.6181078080671,"s2lam038_230703","HighVeg"
87.4570024570025,5.25798525798526,7.28501228501228,"s2lam038_230711","HighVeg"
36.6992937678107,52.7939536612564,10.506752570933,"s2lam038_230718","LowVeg"
98.6051104801876,0.0864090852981113,1.30848043451426,"s2lam038_230725","HighVeg"
100,0,0,"s2lam038_230804","HighVeg"
82.9443003581573,7.66950722489811,9.38619241694455,"s2lam038_230811","HighVeg"
42.0116871814,52.0452567449956,5.94305607360438,"s2lam038_230819","LowVeg"
90.5277570326114,5.63853622106049,3.83370674632811,"s2lam038_230829","HighVeg"
81.624352970175,8.75030810944047,9.62533892038452,"s2lam038_231011","HighVeg"
94.6307900233444,3.40336650694188,1.96584346971372,"s2lam038_231020","HighVeg"
71.9096965210955,18.9365901801135,9.15371329879102,"s2lam038_231027","HighVeg"
99.7390656063618,0.0621272365805169,0.198807157057654,"s2lam038_231103","HighVeg"
100,0,0,"s2lam038_231110","HighVeg"
100,0,0,"s2lam038_231117","HighVeg"
67.0082726262502,32.8806025435239,0.111124830225954,"s2lam038_231125","HighVeg"
71.4693826853807,26.2079244814309,2.32269283318842,"s2lam038_231130","HighVeg"
1.15542303391726,98.7327618337682,0.111815132314573,"s2lam039_230613","LowVeg"
1.05839870501805,94.6457477275557,4.29585356742622,"s2lam039_230622","LowVeg"
7.07383548067393,89.2963330029732,3.62983151635282,"s2lam039_230712","LowVeg"
0.0248570718369376,98.1481481481482,1.82699478001491,"s2lam039_230812","LowVeg"
14.7143034980705,80.1568529814515,5.12884352047803,"s2lam039_230822","LowVeg"
0.024906600249066,94.7945205479452,5.18057285180573,"s2lam039_231005","LowVeg"
0,98.2220564465995,1.77794355340047,"s2lam039_231013","LowVeg"
0,99.9624577649856,0.0375422350143912,"s2lam039_231026","LowVeg"
13.2680872150644,82.9905847373637,3.74132804757185,"s2lam040_230617","LowVeg"
38.6704700483691,18.4050601513084,42.9244698003225,"s2lam040_230703","Other"
96.7865529600791,3.11457174638487,0.0988752935360277,"s2lam040_230711","HighVeg"
46.201358863496,46.8931439159975,6.90549722050649,"s2lam040_230718","LowVeg"
99.9875699192045,0,0.0124300807955252,"s2lam040_230725","HighVeg"
94.2969518190757,0.282694198623402,5.42035398230088,"s2lam040_230804","HighVeg"
99.975152192819,0.0124239035905081,0.0124239035905081,"s2lam040_230811","HighVeg"
84.4931163954944,9.34918648310388,6.15769712140175,"s2lam040_230818","HighVeg"
99.9875838092873,0.0124161907126893,0,"s2lam040_230829","HighVeg"
68.3446153846154,4.16,27.4953846153846,"s2lam040_231011","HighVeg"
87.2269938650307,5.30061349693251,7.47239263803681,"s2lam040_231020","HighVeg"
49.8944230530369,26.3321326543287,23.7734442926345,"s2lam040_231027","HighVeg"
98.568784700802,0.0493522516964837,1.38186304750154,"s2lam040_231103","HighVeg"
99.987684729064,0.0123152709359606,0,"s2lam040_231110","HighVeg"
80.7473397673843,8.94580549368968,10.306854738926,"s2lam040_231117","HighVeg"
71.1490837048044,11.0450718177316,17.8058444774641,"s2lam040_231125","HighVeg"
86.7634288549808,3.21300086837861,10.0235702766406,"s2lam040_231130","HighVeg"
13.8029215152265,78.5714285714286,7.62564991334489,"s2lam041_230617","LowVeg"
81.8507979710504,12.4211307682791,5.72807126067054,"s2lam041_230703","HighVeg"
94.528162055336,3.50790513833992,1.96393280632411,"s2lam041_230711","HighVeg"
11.5833954760129,87.6211782252051,0.795426298782003,"s2lam041_230718","LowVeg"
100,0,0,"s2lam041_230804","HighVeg"
100,0,0,"s2lam041_230811","HighVeg"
64.8484848484848,10.4143475572047,24.7371675943105,"s2lam041_230818","HighVeg"
13.9171421483503,78.5040932771025,7.57876457454726,"s2lam041_231004","LowVeg"
58.7870519657696,19.1616023812477,22.0513456529828,"s2lam041_231011","HighVeg"
53.7611976929685,25.6718615781077,20.5669407289238,"s2lam041_231020","HighVeg"
11.5546218487395,87.5679683638161,0.877409787444389,"s2lam041_231027","LowVeg"
96.7408881701704,1.57979848239831,1.67931334743127,"s2lam041_231103","HighVeg"
93.2465923172243,2.46592317224287,4.28748451053284,"s2lam041_231110","HighVeg"
99.9752597723899,0.012370113805047,0.012370113805047,"s2lam041_231117","HighVeg"
64.3253919269226,10.4431551660289,25.2314529070485,"s2lam041_231125","HighVeg"
99.9875930521092,0.0124069478908189,0,"s2lam041_231130","HighVeg"
3.98371978293044,90.7375431672422,5.27873704982733,"s2lam042_230705","LowVeg"
35.0074404761905,61.7559523809524,3.23660714285714,"s2lam042_230710","LowVeg"
0,99.60203954732,0.397960452680015,"s2lam042_230805","LowVeg"
0.14765596160945,97.7482465854559,2.10409745293466,"s2lam042_230812","LowVeg"
3.50079842771158,92.7035990664537,3.79560250583466,"s2lam042_230826","LowVeg"
0.0492428905576757,98.6458205096639,1.30493659977841,"s2lam042_231025","LowVeg"
0.420375865479723,98.5163204747774,1.06330365974283,"s2lam042_231031","LowVeg"
0.32258064516129,98.8089330024814,0.86848635235732,"s2lam042_231106","LowVeg"
2.87725364287478,97.0486539886392,0.0740923684860459,"s2lam044_230613","LowVeg"
3.04733358311477,92.1443736730361,4.80829274384913,"s2lam044_230622","LowVeg"
0,99.4551083591331,0.544891640866873,"s2lam044_230809","LowVeg"
0,98.3256278895414,1.67437211045858,"s2lam044_230815","LowVeg"
0.0496216350328743,97.2832154819501,2.667162883017,"s2lam044_230930","LowVeg"
0.0620655412115194,95.9781529294935,3.95978152929494,"s2lam044_231016","LowVeg"
0,99.7763697353708,0.223630264629146,"s2lam044_231026","LowVeg"
12.8307042603403,79.2448143087815,7.92448143087815,"s2lam044_231107","LowVeg"
24.3256681168428,69.4717215661902,6.20261031696706,"s2lam044_231117","LowVeg"
5.68307352399656,88.854793175402,5.46213330060145,"s2lam044_231130","LowVeg"
0.883304304553371,4.47872605125653,94.6379696441901,"s2lam044_231208","Other"
3.95674612927009,95.9080855246989,0.135168346030966,"s2lam045_230705","LowVeg"
2.91718170580964,97.0580964153276,0.0247218788627936,"s2lam045_230725","LowVeg"
54.9092716877952,42.3440218742232,2.74670643798161,"s2lam045_230808","HighVeg"
0.0121832358674464,88.4381091617934,11.5497076023392,"s2lam045_231011","LowVeg"
6.81148748159057,92.9798723613157,0.208640157093765,"s2lam045_231016","LowVeg"
7.2790294627383,65.5360237682595,27.1849467690022,"s2lam045_231022","LowVeg"
43.0919050517346,48.8861838101035,8.0219111381619,"s2lam045_231028","LowVeg"
2.2508038585209,97.7491961414791,0,"s2lam045_231110","LowVeg"
4.18097106424718,17.3124080431584,78.5066208925944,"s2lam045_231117","Other"
0.295821521015654,99.1864908172069,0.517687661777394,"s2lam046_230705","LowVeg"
0.110673880964092,99.4097393015248,0.479586817511067,"s2lam046_230805","LowVeg"
0.533896200645642,98.3113980630743,1.15470573628011,"s2lam046_230812","LowVeg"
0.663635246405309,99.2872065871943,0.0491581664003933,"s2lam046_230826","LowVeg"
0.626381724392041,99.3122083026283,0.0614099729796119,"s2lam046_231025","LowVeg"
1.49678377041069,89.3617021276596,9.14151410192974,"s2lam046_231031","LowVeg"
0.147947232153865,98.6068302305511,1.24522253729503,"s2lam046_231106","LowVeg"
13.5906862745098,83.5539215686274,2.85539215686275,"s2lam047_230703","LowVeg"
1.132725929574,94.4348682590495,4.43240581137651,"s2lam047_230807","LowVeg"
3.77867746288799,79.3522267206478,16.8690958164642,"s2lam047_231107","LowVeg"
13.2874861844529,83.9616848827214,2.75082893282574,"s2lam047_231128","LowVeg"
3.47643201781517,95.7194111097365,0.804156872448348,"s2lam049_230613","LowVeg"
0.635197409390958,95.4664341761116,3.89836841449745,"s2lam049_230622","LowVeg"
4.15220624690134,93.2077342588002,2.64005949429846,"s2lam049_230712","LowVeg"
0,96.6641957005189,3.3358042994811,"s2lam049_230809","LowVeg"
0,97.2993154947106,2.70068450528936,"s2lam049_230815","LowVeg"
0.965585540975489,91.6934884872493,7.34092597177519,"s2lam049_230930","LowVeg"
3.24667247170046,90.3968155243189,6.35651200398059,"s2lam049_231016","LowVeg"
0,99.9626819256126,0.0373180743873616,"s2lam049_231026","LowVeg"
0.396923840238154,74.2495658645497,25.3535102952121,"s2lam049_231113","LowVeg"
2.85154815812018,90.8579121282585,6.29053971362134,"s2lam049_231130","LowVeg"
1.95211786372007,90.877839165132,7.17004297114794,"s2lam050_230705","LowVeg"
0.0370919881305638,98.8254203758655,1.13748763600396,"s2lam050_230805","LowVeg"
1.55902004454343,89.2972036624598,9.14377629299678,"s2lam050_230812","LowVeg"
2.73466371027347,95.0110864745011,2.25424981522543,"s2lam050_230826","LowVeg"
25.622381069756,72.2208528469312,2.15676608331279,"s2lam051_230702","LowVeg"
40.2707065689805,54.8987954799454,4.83049795107413,"s2lam051_230710","LowVeg"
29.0330507433346,65.9909079739526,4.97604128271286,"s2lam051_230717","LowVeg"
99.4577273847671,0.50529948237614,0.0369731328567907,"s2lam051_230820","HighVeg"
0.0618965090368903,95.8653131963357,4.07279029462738,"s2lam051_231010","LowVeg"
55.1719855954303,42.1085309822426,2.71948342232708,"s2lam051_231030","HighVeg"
28.4102182539683,68.9980158730159,2.59176587301587,"s2lam051_231113","LowVeg"
1.72138202385344,97.6392475101439,0.639370466002705,"s2lam052_230702","LowVeg"
37.1226239284383,50.1056031805193,12.7717728910424,"s2lam052_230710","LowVeg"
43.3136676499508,41.0889872173058,15.5973451327434,"s2lam052_230717","HighVeg"
99.9384993849938,0.01230012300123,0.04920049200492,"s2lam052_230820","HighVeg"
31.5834980237154,67.7371541501976,0.679347826086957,"s2lam052_231011","LowVeg"
30.5170084735356,62.5936387080928,6.88935281837161,"s2lam052_231103","LowVeg"
2.28866740494647,96.9976621139412,0.713670481112342,"s2lam052_231115","LowVeg"
5.01704822211398,89.9050170482221,5.07793472966391,"s2lam052_231128","LowVeg"
6.54761904761905,88.7276785714286,4.72470238095238,"s2lam054_230605","LowVeg"
0,99.8046398046398,0.195360195360195,"s2lam054_230630","LowVeg"
1.01194830529139,65.0573030968057,33.9307485979029,"s2lam054_230705","LowVeg"
29.0893449674327,50.878702224407,20.0319528081603,"s2lam054_230725","LowVeg"
7.07846003898635,11.7568226120858,81.1647173489279,"s2lam054_230807","Other"
5.95049384221436,77.8929398853798,16.1565662724058,"s2lam054_230812","LowVeg"
1.41922744662471,95.4214488461064,3.15932370726891,"s2lam054_230822","LowVeg"
0.0121802679658952,92.204628501827,7.78319123020706,"s2lam055_230705","LowVeg"
0.14760147601476,97.0110701107011,2.84132841328413,"s2lam055_230710","LowVeg"
0.788760167611536,99.0756716785802,0.135568153808233,"s2lam055_230907","LowVeg"
0.68991006529506,99.1868917087594,0.123198225945546,"s2lam055_231018","LowVeg"
9.60277193416656,86.4001979952976,3.99703007053582,"s2lam056_230705","LowVeg"
0,97.2729516288253,2.72704837117473,"s2lam056_230710","LowVeg"
10.5529498889163,89.101456430511,0.345593680572698,"s2lam056_230907","LowVeg"
10.5516475379489,89.1028014315686,0.345551030482537,"s2lam056_231018","LowVeg"
99.2224142187114,0.703529992594421,0.0740557886941496,"s2lam056_231118","HighVeg"
0.134919661474304,72.3905310928493,27.4745492456764,"s2lam056_231128","LowVeg"
2.66355713759666,94.6483368110961,2.68810605130723,"s2lam057_230807","LowVeg"
0.012313754463736,99.7044698928703,0.283216352665928,"s2lam057_231011","LowVeg"
0.173310225303293,98.5021044813073,1.32458529338945,"s2lam058_230605","LowVeg"
0.135151738542819,98.4396117459147,1.42523651554245,"s2lam058_230630","LowVeg"
21.0371460095623,68.43202157656,10.5308324138777,"s2lam058_230705","LowVeg"
1.90570473951244,98.0942952604876,0,"s2lam058_230725","LowVeg"
0,62.6365441906653,37.3634558093347,"s2lam058_230811","LowVeg"
7.08506987006619,86.8595243932336,6.05540573670017,"s2lam058_231010","LowVeg"
12.8318042813456,85.8960244648318,1.27217125382263,"s2lam058_231016","LowVeg"
3.50400987045034,90.1542257865515,6.34176434299815,"s2lam058_231022","LowVeg"
5.19385515727871,88.6369178249208,6.16922701780054,"s2lam058_231028","LowVeg"
29.3388936587759,51.4166564454802,19.2444498957439,"s2lam058_231110","LowVeg"
2.71198920112897,63.4188243956314,33.8691864032397,"s2lam058_231117","LowVeg"
0.614099729796119,77.1923360353722,22.1935642348317,"s2lam059_230704","LowVeg"
1.38425410950439,98.2326041280435,0.383141762452107,"s2lam059_230826","LowVeg"
0,96.4312175845888,3.56878241541121,"s2lam060_230809","LowVeg"
0.0248323814253787,65.4581574372982,34.5170101812764,"s2lam060_230815","LowVeg"
0.0124192747143567,98.1495280675609,1.83805265772479,"s2lam060_230930","LowVeg"
0.0245459008345606,23.9199803632793,76.0554737358861,"s2lam060_231013","Other"
0.346363186541316,83.3250865907966,16.328550222662,"s2lam060_231025","LowVeg"
0.458317849622197,89.0623064536108,10.479375696767,"s2lam060_231106","LowVeg"
0.0373041531957225,52.7605073364835,47.2021885103208,"s2lam060_231113","LowVeg"
35.5544566695512,60.8975151440227,3.54802818642601,"s2lam061_230721","LowVeg"
18.1604357514236,81.8395642485764,0,"s2lam061_230814","LowVeg"
54.6859545004946,43.4965380811078,1.81750741839763,"s2lam061_231113","HighVeg"
2.59500676423564,93.8015004304514,3.603492805313,"s2lam063_230630","LowVeg"
23.1547765983708,74.3890397432733,2.45618365835596,"s2lam063_230725","LowVeg"
11.7675900956117,35.75631282177,52.4760970826183,"s2lam063_230807","Other"
4.92682926829268,91.8780487804878,3.19512195121951,"s2lam063_230812","LowVeg"
5.53223018029143,88.9108421832551,5.55692763645345,"s2lam063_230822","LowVeg"
2.66503667481663,16.1124694376528,81.2224938875306,"s2lam063_231011","Other"
0.926377376889322,66.4797659678206,32.5938566552901,"s2lam063_231016","LowVeg"
2.06708751083055,64.1292239138507,33.8036885753187,"s2lam063_231022","LowVeg"
0,99.8413279628951,0.158672037104846,"s2lam063_231029","LowVeg"
3.38735226026563,16.5224808090654,80.0901669306689,"s2lam063_231117","Other"
0.0122219506233195,98.1667074065021,1.8210706428746,"s2lam063_231125","LowVeg"
83.6006465249285,2.85962949148328,13.5397239835882,"s2lam065_230622","HighVeg"
1.36632200886263,97.5873953717381,1.04628261939931,"s2lam065_230702","LowVeg"
1.3393954288523,94.138608994839,4.52199557630867,"s2lam065_230710","LowVeg"
30.6029718776864,62.6550411396291,6.74198698268451,"s2lam065_230717","LowVeg"
0.0124177325220415,98.497454364833,1.49012790264498,"s2lam065_231010","LowVeg"
88.0218010652793,9.01771336553945,2.96048556918122,"s2lam065_231020","HighVeg"
0.136172319881159,81.1587026491706,18.7051250309483,"s2lam067_230713","LowVeg"
0.285749782581687,83.7619580072059,15.9522922102124,"s2lam067_230725","LowVeg"
5.62577447335812,79.5786864931846,14.7955390334572,"s2lam067_230822","LowVeg"
0,97.776121257299,2.22387874270096,"s2lam067_231005","LowVeg"
0,99.987640588308,0.0123594116920035,"s2lam067_231014","LowVeg"
0,91.737575533358,8.262424466642,"s2lam067_231025","LowVeg"
0,63.0597014925373,36.9402985074627,"s2lam067_231107","LowVeg"
85.733746130031,3.24458204334365,11.0216718266254,"s2lam068_230622","HighVeg"
2.07075064710958,95.3038333538765,2.62541599901393,"s2lam068_230702","LowVeg"
0.135534746180384,96.5130606209956,3.35140463282405,"s2lam068_230710","LowVeg"
39.7878638381845,58.3744449925999,1.83769116921559,"s2lam068_230717","LowVeg"
19.0359075258239,79.7712739793409,1.19281849483522,"s2lam069_230702","LowVeg"
5.01358360088911,92.8871326253396,2.0992837737713,"s2lam069_230710","LowVeg"
25.5900160632645,72.6059557642407,1.80402817249475,"s2lam069_230717","LowVeg"
0.0368912936546975,96.8027545499262,3.16035415641909,"s2lam069_231010","LowVeg"
89.0897832817337,4.99071207430341,5.91950464396285,"s2lam069_231020","HighVeg"
26.087496892866,73.1667909520258,0.745712155108128,"s2lam069_231113","LowVeg"
0.948275862068966,98.8423645320197,0.20935960591133,"s2lam071_230702","LowVeg"
52.2093310293755,45.6677363613923,2.12293260923229,"s2lam071_230710","HighVeg"
2.25119940952147,97.0353056956575,0.713494894821011,"s2lam071_230717","LowVeg"
97.0171329964255,2.8226303463577,0.160236657216813,"s2lam071_230820","HighVeg"
0.160394818013572,89.0067859346083,10.8328192473782,"s2lam071_231011","LowVeg"
24.8734724108135,68.3742747808912,6.75225280829527,"s2lam071_231103","LowVeg"
0.0368867576540022,99.6803147669986,0.28279847534735,"s2lam071_231115","LowVeg"
4.41914555025095,78.7489288774636,16.8319255722855,"s2lam071_231127","LowVeg"
4.46000737191301,91.6697382970881,3.87025433099889,"s2lam072_230704","LowVeg"
0,95.0523429710867,4.94765702891326,"s2lam072_230805","LowVeg"
0,99.6776992686253,0.322300731374737,"s2lam072_230812","LowVeg"
0.850696584884724,86.5244729379855,12.6248304771298,"s2lam072_231025","LowVeg"
0.604117864628283,98.2492910861793,1.14659104919245,"s2lam072_231031","LowVeg"
0.0857422831945125,98.015678588927,1.89857912787849,"s2lam072_231106","LowVeg"
26.1283541486336,66.9716829479411,6.89996290342525,"s2lam073_230705","LowVeg"
0.0123243776189302,99.7411880700025,0.246487552378605,"s2lam073_230710","LowVeg"
0.0245248313917842,90.4353157572042,9.54015941140405,"s2lam073_230807","LowVeg"
2.55165546427682,73.7241722678616,23.7241722678616,"s2lam073_231010","LowVeg"
98.1256206554121,0.484111221449851,1.39026812313803,"s2lam073_231020","HighVeg"
16.1841776890442,83.4289992513102,0.38682305964562,"s2lam073_231113","LowVeg"
11.8096646942801,76.8984220907298,11.2919132149901,"s2lam074_230617","LowVeg"
54.2198537613087,45.7801462386913,0,"s2lam074_230703","HighVeg"
15.0806352332882,76.9297057737289,7.98965899298289,"s2lam074_230711","LowVeg"
50.4616520989782,25.3354671919242,24.2028807090976,"s2lam074_230718","HighVeg"
99.7020484171322,0.074487895716946,0.223463687150838,"s2lam074_230725","HighVeg"
99.926226484692,0,0.0737735153080044,"s2lam074_230804","HighVeg"
99.8886827458256,0.0371057513914657,0.0742115027829314,"s2lam074_230811","HighVeg"
68.6274509803922,17.4360883593944,13.9364606602135,"s2lam074_230818","HighVeg"
95.2493177871496,0.421731580253039,4.32895063259737,"s2lam074_230829","HighVeg"
16.7160859896219,80.9859154929577,2.29799851742031,"s2lam074_231004","LowVeg"
26.1403073872087,68.64154685176,5.21814576103123,"s2lam074_231011","LowVeg"
95.8220693044974,3.96903416072745,0.208896534775129,"s2lam074_231020","HighVeg"
28.6525873780413,53.8347536124491,17.5126590095097,"s2lam074_231027","LowVeg"
98.5606154609753,0.459114033999255,0.980270505025437,"s2lam074_231103","HighVeg"
99.9505317833292,0.0371011625030918,0.0123670541676973,"s2lam074_231110","HighVeg"
99.8514299863811,0.0866658412777021,0.0619041723412158,"s2lam074_231117","HighVeg"
41.4346096469418,52.7971158627549,5.76827449030333,"s2lam074_231125","LowVeg"
90.7948749844508,5.62258987436248,3.58253514118671,"s2lam074_231130","HighVeg"
1.14243139202782,98.4353657022228,0.42220290574941,"s2lam076_230613","LowVeg"
1.90796857463524,93.1412894375857,4.95074198777902,"s2lam076_230622","LowVeg"
1.87600944216673,93.2041247359921,4.91986582184122,"s2lam076_230712","LowVeg"
62.0723724836359,33.3209830801531,4.60664443621094,"s2lam076_230809","HighVeg"
0.784069695084007,99.116365899191,0.0995644057249533,"s2lam076_230815","LowVeg"
0.969425801640567,98.8814317673378,0.149142431021626,"s2lam076_231001","LowVeg"
1.28379212442908,93.3218121219602,5.39439575361067,"s2lam076_231013","LowVeg"
0,92.2371031746032,7.76289682539683,"s2lam076_231025","LowVeg"
0,44.8931411530815,55.1068588469185,"s2lam076_231107","Other"
0,97.9654747225647,2.03452527743526,"s2lam076_231117","LowVeg"
0.379622826353172,81.7781043350478,17.8422728385991,"s2lam077_230808","LowVeg"
7.51422405336472,70.904453600157,21.5813223464783,"s2lam077_230823","LowVeg"
5.22544780728845,92.8227300802965,1.95182211241507,"s2lam077_231108","LowVeg"
99.9384766826627,0.0246093269349083,0.0369139904023625,"s2lam077_231118","HighVeg"
10.5146787863899,86.316177373787,3.16914383982312,"s2lam077_231128","LowVeg"
0,27.0976616231087,72.9023383768913,"s2lam077_231208","Other"
2.85891858297079,93.0764449968925,4.06463642013673,"s2lam078_230605","LowVeg"
2.78796771826853,15.7617999510883,81.4502323306432,"s2lam078_230630","Other"
0.452101661779081,99.3768328445748,0.171065493646139,"s2lam078_230705","LowVeg"
0.334117064719713,98.1314193787898,1.53446355649053,"s2lam078_230725","LowVeg"
0,67.8332092330603,32.1667907669397,"s2lam078_230811","LowVeg"
5.73700305810398,84,10.262996941896,"s2lam078_231010","LowVeg"
0.885064535955747,98.8690842040565,0.245851259987707,"s2lam078_231016","LowVeg"
10.3273625694873,34.4780728844966,55.1945645460161,"s2lam078_231022","Other"
2.1219512195122,96.6219512195122,1.25609756097561,"s2lam078_231028","LowVeg"
17.5959892394228,60.5893861579848,21.8146246025923,"s2lam078_231117","LowVeg"
96.7261904761905,1.61210317460317,1.66170634920635,"s2lam079_230725","HighVeg"
93.0313157569006,2.50030944423815,4.46837479886125,"s2lam079_230804","HighVeg"
100,0,0,"s2lam079_230811","HighVeg"
19.0570473951244,78.5546343274347,2.38831827744091,"s2lam079_230819","LowVeg"
86.3202282029021,3.34862954235396,10.3311422547439,"s2lam079_230829","HighVeg"
39.5014262681384,18.603497457522,41.8950762743396,"s2lam079_231011","Other"
15.9985243482538,75.5779636005903,8.42351205115593,"s2lam079_231020","LowVeg"
18.2456572625354,62.5107798447702,19.2435628926943,"s2lam079_231027","LowVeg"
99.3190541042466,0.0990466757459453,0.581899220007429,"s2lam079_231103","HighVeg"
100,0,0,"s2lam079_231117","HighVeg"
19.5043370508055,77.9801734820322,2.51548946716233,"s2lam079_231125","LowVeg"
95.7391304347826,1.32919254658385,2.93167701863354,"s2lam079_231130","HighVeg"
5.46054238944539,35.8661128756413,58.6733447349133,"s2lam080_230807","Other"
11.4264741864448,82.4688035233668,6.1047222901884,"s2lam080_231027","LowVeg"
97.090371100974,2.7370237948465,0.172605104179509,"s2lam080_231118","HighVeg"
2.65356265356265,94.6560196560197,2.69041769041769,"s2lam080_231128","LowVeg"
0.972083748753739,1.54536390827517,97.4825523429711,"s2lam080_231208","Other"
8.43030453082446,86.9893538004457,4.58034166872988,"s2lam081_230605","LowVeg"
11.329806864313,87.9813015131012,0.688891622585804,"s2lam081_230630","LowVeg"
0.427663734115347,95.8699902248289,3.70234604105572,"s2lam081_230705","LowVeg"
0,97.3720094210983,2.6279905789017,"s2lam082_230714","LowVeg"
2.92695026665013,90.7850675927074,6.28798214064244,"s2lam082_230726","LowVeg"
0.347093095326639,99.6405107226974,0.0123961819759514,"s2lam082_230808","LowVeg"
0.828387734915925,94.9183976261128,4.25321463897132,"s2lam082_231010","LowVeg"
0.0994530084535057,97.4017901541522,2.49875683739433,"s2lam082_231019","LowVeg"
5.28011898859693,71.777392166584,22.942488844819,"s2lam082_231106","LowVeg"
3.98219144199852,92.6168686618847,3.40093989611674,"s2lam083_230705","LowVeg"
0.111069974083673,98.5190670122177,1.36986301369863,"s2lam083_230805","LowVeg"
0.591861898890259,98.2614056720099,1.14673242909988,"s2lam083_230811","LowVeg"
0.76204523107178,86.6027531956735,12.6352015732547,"s2lam083_230826","LowVeg"
2.00319528081603,97.8001720535824,0.196632665601573,"s2lam083_231025","LowVeg"
0,99.6040584013858,0.395941598614204,"s2lam083_231031","LowVeg"
0.049297510475721,98.9770766576288,0.973625831895489,"s2lam083_231106","LowVeg"
0.123670541676973,61.3282216176107,38.5481078407123,"s2lam084_230605","LowVeg"
0,87.9858657243816,12.0141342756184,"s2lam084_230630","LowVeg"
2.41836484164007,97.5325313037073,0.0491038546525902,"s2lam084_230705","LowVeg"
1.65862111647481,73.9447951479143,24.3965837356108,"s2lam084_230725","LowVeg"
6.29950042646521,23.5896186182527,70.1108809552821,"s2lam084_230807","Other"
4.28396572827417,45.9485924112607,49.7674418604651,"s2lam084_230813","Other"
1.95145749481644,96.7313086961825,1.3172338090011,"s2lam084_230820","LowVeg"
0.742115027829313,97.6499690785405,1.60791589363018,"s2lam084_231110","LowVeg"
1.04153902708001,85.5042274231099,13.4542335498101,"s2lam084_231117","LowVeg"
19.9853854585312,74.0957252466204,5.91888929484837,"s2lam085_230703","LowVeg"
2.069556698506,3.42885133480284,94.5015919666912,"s2lam085_230808","Other"
5.41243497646767,92.7792915531335,1.80827347039881,"s2lam085_230822","LowVeg"
0.0619578686493185,98.5377942998761,1.4002478314746,"s2lam085_231108","LowVeg"
0.158730158730159,79.3528693528693,20.4884004884005,"s2lam085_231128","LowVeg"
0,31.0366387395273,68.9633612604727,"s2lam085_231208","Other"
0.791589363017934,97.9220779220779,1.28633271490414,"s2lam086_230702","LowVeg"
0.03690036900369,99.6924969249692,0.27060270602706,"s2lam086_230710","LowVeg"
60.3057199211045,38.3505917159763,1.34368836291913,"s2lam086_230717","HighVeg"
99.2583436341162,0.630407911001236,0.111248454882571,"s2lam086_230820","HighVeg"
0.0615081805880182,92.4713986960266,7.46709312338541,"s2lam086_231010","LowVeg"
18.590220898486,80.367336808141,1.04244229337305,"s2lam086_231113","LowVeg"
0,98.7642115669797,1.23578843302027,"s2lam087_230714","LowVeg"
0.247985120892746,99.3180409175449,0.433973961562306,"s2lam087_230726","LowVeg"
4.8922467178598,71.6373544711419,23.4703988109983,"s2lam087_230808","LowVeg"
3.56391535701027,78.1957678505135,18.2403167924762,"s2lam087_230822","LowVeg"
12.4984485540524,87.0547350130321,0.446816432915477,"s2lam087_231019","LowVeg"
0.0861962812461519,99.9014899642901,0.012313754463736,"s2lam087_231106","LowVeg"
0.455440669620876,94.8301329394387,4.71442639094042,"s2lam087_231115","LowVeg"
61.4622057001239,16.5303593556382,22.0074349442379,"s2lam088_230703","HighVeg"
53.7287718434654,25.387644597588,20.8835835589466,"s2lam088_230711","HighVeg"
27.8672281397077,59.7844934357196,12.3482784245727,"s2lam088_230718","LowVeg"
99.5519601742377,0.261356565028002,0.186683260734287,"s2lam088_230725","HighVeg"
99.9258068505008,0.0247310498330654,0.0494620996661308,"s2lam088_230804","HighVeg"
99.8262596177712,0.111690245718541,0.0620501365103003,"s2lam088_230811","HighVeg"
53.7754595131644,43.7406855439642,2.48385494287134,"s2lam088_230819","HighVeg"
99.7883729615337,0.0746918959292917,0.136935142537035,"s2lam088_230829","HighVeg"
52.3756357771989,46.8552288797916,0.769135343009552,"s2lam088_231011","HighVeg"
93.9076923076923,4.06153846153846,2.03076923076923,"s2lam088_231020","HighVeg"
50.8407517309594,25.2225519287834,23.9366963402572,"s2lam088_231027","HighVeg"
99.1062562065541,0.099304865938431,0.794438927507448,"s2lam088_231103","HighVeg"
99.8026153466568,0.0123365408339502,0.185048112509252,"s2lam088_231110","HighVeg"
99.9503598907918,0.0124100273020601,0.0372300819061802,"s2lam088_231117","HighVeg"
22.8670206198296,74.8117051487838,2.32127423138659,"s2lam088_231125","LowVeg"
96.5218467632133,0.0990221562074514,3.37913108057928,"s2lam088_231130","HighVeg"
2.49382716049383,94.4691358024691,3.03703703703704,"s2lam089_230702","LowVeg"
51.1806156508839,46.5076029175423,2.31178143157374,"s2lam089_230710","HighVeg"
0.112079701120797,99.8007471980075,0.087173100871731,"s2lam089_230717","LowVeg"
84.670451740311,11.0713404097754,4.2582078499136,"s2lam089_230820","HighVeg"
2.92123752002958,94.835449278935,2.24331320103538,"s2lam089_231025","LowVeg"
0.111028867505551,99.6669133974833,0.222057735011103,"s2lam089_231031","LowVeg"
0,99.4772218073189,0.522778192681105,"s2lam089_231106","LowVeg"
7.9065141720537,77.7971158627549,14.2963699651914,"s2lam090_230718","LowVeg"
3.3147113594041,90.5896958410925,6.09559279950341,"s2lam090_230728","LowVeg"
2.79920378203533,84.1378452351331,13.0629509828316,"s2lam091_230605","LowVeg"
16.307998507277,83.281502674462,0.410498818260978,"s2lam091_230712","LowVeg"
3.72168284789644,57.1944236992781,39.0838934528255,"s2lam091_230727","LowVeg"
34.4934357195938,62.1129551647263,3.39360911567996,"s2lam091_231017","LowVeg"
48.5354097144976,49.8084291187739,1.65616116672846,"s2lam091_231113","LowVeg"
1.5009842519685,98.2652559055118,0.233759842519685,"s2lam092_230705","LowVeg"
0.0857632933104631,98.0641999509924,1.85003675569713,"s2lam092_230804","LowVeg"
0.123365408339502,95.5711818406119,4.30545275104861,"s2lam092_230812","LowVeg"
0.0861008610086101,98.5239852398524,1.38991389913899,"s2lam092_230826","LowVeg"
5.53301364810033,94.1718922906677,0.295094061232018,"s2lam092_231025","LowVeg"
0.160276168166687,94.0451239058069,5.79459992602638,"s2lam092_231031","LowVeg"
0,99.5913312693499,0.408668730650155,"s2lam092_231106","LowVeg"
26.1887072808321,68.6354631005448,5.17582961862308,"s2lam093_230703","LowVeg"
55.2093596059113,18.9408866995074,25.8497536945813,"s2lam093_230711","HighVeg"
71.8110041944239,19.0722921292869,9.11670367628917,"s2lam093_230718","HighVeg"
98.7380922924657,0.136088086106644,1.12581962142769,"s2lam093_230725","HighVeg"
99.987722529159,0,0.0122774708410068,"s2lam093_230804","HighVeg"
99.279324055666,0.571570576540755,0.149105367793241,"s2lam093_230811","HighVeg"
67.2460552268245,32.6306706114398,0.1232741617357,"s2lam093_230818","HighVeg"
78.5918291320005,19.8062833726562,1.60188749534335,"s2lam093_230829","HighVeg"
11.9041738700914,77.0437144974068,11.0521116325019,"s2lam093_231004","LowVeg"
81.8563836361389,12.4212087504635,5.7224076133976,"s2lam093_231011","HighVeg"
82.2820607401943,9.14791589819255,8.57002336161318,"s2lam093_231020","HighVeg"
44.6466146800347,52.172298551801,3.18108676816438,"s2lam093_231027","LowVeg"
100,0,0,"s2lam093_231110","HighVeg"
100,0,0,"s2lam093_231117","HighVeg"
99.7042149371457,0.295785062854326,0,"s2lam093_231125","HighVeg"
77.5583705911575,20.7650273224044,1.67660208643815,"s2lam093_231130","HighVeg"
2.30312035661218,75.2724120851907,22.4244675581971,"s2lam095_230710","LowVeg"
35.8939580764488,48.2860665844636,15.8199753390875,"s2lam095_230814","LowVeg"
38.3630769230769,57.9938461538462,3.64307692307692,"s2lam095_231017","LowVeg"
